service_id,monday,tuesday,wednesday,thursday,friday,saturday,sunday,start_date,end_date
daily,1,1,1,1,1,1,1,20261005,20271005
rail_0000001,0,0,0,0,0,0,1,20261005,20271005
rail_0000010,0,0,0,0,0,1,0,20261005,20271005
rail_1111010,1,1,1,1,0,1,0,20261005,20271005
rail_1111100,1,1,1,1,1,0,0,20261005,20271005
rail_1111101,1,1,1,1,1,0,1,20261005,20271005
rail_1111110,1,1,1,1,1,1,0,20261005,20271005
rail_1111111,1,1,1,1,1,1,1,20261005,20271005
saturday,0,0,0,0,0,1,0,20261005,20271005
sunday,0,0,0,0,0,0,1,20261005,20271005
weekdays,1,1,1,1,1,0,0,20261005,20271005
